# Define a custom palette corresponding to the roles
custom_palette <- c("#4b0082","#8b0000","#006400","#00008b","#2e8b57","#2f4f4f","#6A5ACD","#DAA520","#483D8B","#4682b4","#5F9EA0","#8B008B","#5a5a5a","#8B3a3a","#a0522d","#556B2F","#FF4500","#708090")
